MIMAT0004502,-0.1659415
MIMAT0004501,-0.1659415
MIMAT0002844,2.731376061
MIMAT0002843,-0.1659415
MIMAT0002824,6.259079793
MIMAT0002823,-0.1659415
MIMAT0002807,5.261268023
MIMAT0002806,3.346397704
MIMAT0001635,4.561353742
MIMAT0001631,8.801265528
MIMAT0005890,-0.1659415
MIMAT0005889,-0.1659415
MIMAT0005873,-0.1659415
MIMAT0005872,-0.1659415
MIMAT0004591,-0.1659415
MIMAT0004590,-0.1659415
MIMAT0000232, MIMAT0004563,-0.1659415
MIMAT0004562,-0.1659415
MIMAT0004518,3.415344461
MIMAT0004517,-0.1659415
MIMAT0016907,11.3998321
MIMAT0016901,9.244063805
MIMAT0014994,-0.1659415
MIMAT0016913,-0.1659415
MIMAT0011777,-0.1659415
MIMAT0011775,-0.1659415
MIMAT0005924,-0.1659415
MIMAT0005923,-0.1659415
MIMAT0005906,-0.1659415
MIMAT0005905,6.424382935
MIMAT0018939,-0.1659415
MIMAT0019949,2.577407223
MIMAT0019764,-0.1659415
MIMAT0019200,-0.1659415
MIMAT0019837,-0.1659415
MIMAT0019204,-0.1659415
MIMAT0019811,1.418986536
MIMAT0019358,0.980373752
MIMAT0015068,4.98783378
MIMAT0015066,-0.1659415
MIMAT0019017,4.428452282
MIMAT0019064,12.10562559
MIMAT0021125,-0.1659415
MIMAT0021124,3.55206039
MIMAT0021079,-0.1659415
MIMAT0021046,-0.1659415
MIMAT0019037,-0.1659415
MIMAT0019981,-0.1659415
MIMAT0019982,-0.1659415
MIMAT0019980,0.98562403
MIMAT0019825,-0.1659415
MIMAT0019725,5.546469622
MIMAT0026555,-0.1659415
MIMAT0026554,-0.1659415
MIMAT0026472,-0.1659415
MIMAT0022700,-0.1659415
MIMAT0025846,8.746355187
MIMAT0025845,-0.1659415
MIMAT0022282,-0.1659415
MIMAT0022281,-0.1659415
MIMAT0022266,-0.1659415
MIMAT0022265,2.731376061
MIMAT0027560,2.73994431
MIMAT0027559,5.860947471
MIMAT0027544,6.037920121
MIMAT0027543,-0.1659415
MIMAT0027528,-0.1659415
MIMAT0027527,5.361047749
MIMAT0027512,6.211792703
MIMAT0027511,7.898653773
MIMAT0026617,-0.1659415
MIMAT0026616,0.861246766
MIMAT0032116,6.540863204
MIMAT0031892,-0.1659415
MIMAT0031016,6.174187011
MIMAT0031015,4.498959316
MIMAT0031000,8.438914982
MIMAT0030999,13.03855178
MIMAT0030984,-0.1659415
MIMAT0030983,-0.1659415
MIMAT0002861,-0.1659415
MIMAT0002860, MIMAT0006778,-0.1659415
MIMAT0000264,-0.1659415
MIMAT0000263,2.415756419
MIMAT0000231,5.824437718
MIMAT0000228,4.172137592
MIMAT0000093,-0.1659415
MIMAT0000092,7.468071861
MIMAT0000076,3.483931246
MIMAT0000075,-0.1659415
MIMAT0004676,-0.1659415
MIMAT0004675,-0.1659415
MIMAT0004607,-0.1659415
MIMAT0004606,5.601607061
MIMAT0003233,4.55309341
MIMAT0003232,-0.1659415
MIMAT0003215,-0.1659415
MIMAT0003214,2.192274226
MIMAT0002878,1.744072833
MIMAT0002877,4.994437348
MIMAT0007889,4.368578241
MIMAT0007888,6.755246041
MIMAT0006790,-0.1659415
MIMAT0006789,-0.1659415
MIMAT0005942,4.656654483
MIMAT0005941,-0.1659415
MIMAT0004762,7.628590352
MIMAT0004761,7.006366871
MIMAT0004694,6.934940704
MIMAT0004693,5.996889436
MIMAT0018072,7.14189262
MIMAT0018071,5.797182736
MIMAT0017996,6.164205766
MIMAT0017995,-0.1659415
MIMAT0017950,-0.1659415
MIMAT0017392,-0.1659415
MIMAT0016921,-0.1659415
MIMAT0015054,1.776238293
MIMAT0014999,-0.1659415
MIMAT0016899,-0.1659415
MIMAT0018950,-0.1659415
MIMAT0019052,7.738821948
MIMAT0019966,-0.1659415
MIMAT0019767,1.750259318
MIMAT0019826,5.693766669
MIMAT0019818,-0.1659415
MIMAT0018954,-0.1659415
MIMAT0018938,-0.1659415
MIMAT0019976,-0.1659415
MIMAT0019961,-0.1659415
MIMAT0019828,3.136558638
MIMAT0019714,4.800475047
MIMAT0022494,-0.1659415
MIMAT0022493,-0.1659415
MIMAT0022478,-0.1659415
MIMAT0022476,-0.1659415
MIMAT0022298,-0.1659415
MIMAT0022297,-0.1659415
MIMAT0019926,-0.1659415
MIMAT0019878,12.74369335
MIMAT0018986,4.886273885
MIMAT0019962,-0.1659415
MIMAT0027368,-0.1659415
MIMAT0027367,-0.1659415
MIMAT0027345,2.846535699
MIMAT0027103,5.433161967
MIMAT0026743,-0.1659415
MIMAT0026742,3.105861883
MIMAT0026641,-0.1659415
MIMAT0026640,-0.1659415
MIMAT0022698,4.986852312
MIMAT0022697,-0.1659415
MIMAT0027624,4.403672829
MIMAT0027623,8.199275311
MIMAT0027608,-0.1659415
MIMAT0027607,-0.1659415
MIMAT0027592,4.983576328
MIMAT0027591,6.023403102
MIMAT0027576,-0.1659415
MIMAT0027575,9.084841971
MIMAT0004498,5.58835647
MIMAT0004497,3.009003086
MIMAT0002840,6.083908421
MIMAT0002839,5.010294626
MIMAT0002820,4.998903428
MIMAT0002819,-0.1659415
MIMAT0002178,3.531801003
MIMAT0002177,7.359359645
MIMAT0001627,9.84063759
MIMAT0001625,4.231323317
MIMAT0005885,-0.1659415
MIMAT0005884,-0.1659415
MIMAT0005869,-0.1659415
MIMAT0005868,4.779855251
MIMAT0004587,-0.1659415
MIMAT0004586,4.61408551
MIMAT0004559,3.81286077
MIMAT0004558,-0.1659415
MIMAT0004514,5.219840102
MIMAT0004513,-0.1659415
MIMAT0015049,5.473582656
MIMAT0015086,-0.1659415
MIMAT0016920,1.307106778
MIMAT0016908,2.756162767
MIMAT0016862,-0.1659415
MIMAT0015027,3.843529147
MIMAT0005920,3.417288527
MIMAT0005919,-0.1659415
MIMAT0005902,4.574800901
MIMAT0005901,7.30280356
MIMAT0019021,5.16394015
MIMAT0018995,-0.1659415
MIMAT0019707,7.131980604
MIMAT0019977,-0.1659415
MIMAT0019722,-0.1659415
MIMAT0019846,10.12854077
MIMAT0019943,-0.1659415
MIMAT0019026,2.009212067
MIMAT0015033,-0.1659415
MIMAT0015007,5.488502873
MIMAT0019008,-0.1659415
MIMAT0019053,12.86143582
MIMAT0021121,-0.1659415
MIMAT0021120,5.980308607
MIMAT0021043,6.500735264
MIMAT0021042,3.082482266
MIMAT0019361,-0.1659415
MIMAT0019813,3.809533545
MIMAT0019971,-0.1659415
MIMAT0018990,-0.1659415
MIMAT0019781,-0.1659415
MIMAT0019940,5.765928697
MIMAT0026484,2.949153075
MIMAT0026483,-0.1659415
MIMAT0025858,2.698598939
MIMAT0025857,-0.1659415
MIMAT0025842,-0.1659415
MIMAT0025841,-0.1659415
MIMAT0022278,-0.1659415
MIMAT0022277,-0.1659415
MIMAT0022260,7.225846995
MIMAT0022259,14.50455417
MIMAT0027556,-0.1659415
MIMAT0027555,1.399450142
MIMAT0027540,7.759983399
MIMAT0027539,5.392317204
MIMAT0027524,7.344836815
MIMAT0027523,3.693263608
MIMAT0027508,-0.1659415
MIMAT0027507,3.80879322
MIMAT0026613,-0.1659415
MIMAT0026612,7.064769711
MIMAT0035703,2.184306319
MIMAT0031181,-0.1659415
MIMAT0031012,2.84941839
MIMAT0031011,3.189247947
MIMAT0030996,12.31846699
MIMAT0030995,-0.1659415
MIMAT0030980,-0.1659415
MIMAT0030979,6.269840395
MIMAT0002856,-0.1659415
MIMAT0002855,3.50988779
MIMAT0000260,-0.1659415
MIMAT0000259,-0.1659415
MIMAT0000222,3.346907133
MIMAT0000104,5.093991475
MIMAT0000089,4.597044445
MIMAT0000088,0.115357141
MIMAT0000071,6.808571045
MIMAT0000070,-0.1659415
MIMAT0004672,2.633232517
MIMAT0004671,4.254331249
MIMAT0004603,-0.1659415
MIMAT0004602,5.577319201
MIMAT0003228,5.466972536
MIMAT0003227,-0.1659415
MIMAT0003164,-0.1659415
MIMAT0003163,4.06249691
MIMAT0002874,3.977635455
MIMAT0002873,4.073473218
MIMAT0007885,4.441997626
MIMAT0007884,6.255588122
MIMAT0006764,7.140993003
MIMAT0005956,-0.1659415
MIMAT0005937,-0.1659415
MIMAT0005936,-0.1659415
MIMAT0004751,-0.1659415
MIMAT0004749,4.778532723
MIMAT0004689,-0.1659415
MIMAT0004688,-0.1659415
MIMAT0018068,13.30134658
MIMAT0018065,3.577265199
MIMAT0017992,6.376247174
MIMAT0017991,-0.1659415
MIMAT0015025,-0.1659415
MIMAT0015038,4.478632877
MIMAT0014989,4.761616911
MIMAT0015005,-0.1659415
MIMAT0016872,4.158698355
MIMAT0016860,-0.1659415
MIMAT0019735,8.503296098
MIMAT0019218,11.93011693
MIMAT0018942,4.199776813
MIMAT0019917,5.291839858
MIMAT0019067,7.451485914
MIMAT0019804,4.59339537
MIMAT0019068,5.788295027
MIMAT0019207,4.817864241
MIMAT0018982,8.265009629
MIMAT0019848,8.41179845
MIMAT0019791,8.904863397
MIMAT0019716,7.454061325
MIMAT0022490,6.182137532
MIMAT0022489,3.930283942
MIMAT0022473,6.079658519
MIMAT0022472,4.34427283
MIMAT0022294,3.250479196
MIMAT0022293,4.716071924
MIMAT0019835,6.734185038
MIMAT0019047,4.395442584
MIMAT0019867,5.2216488
MIMAT0019692,5.814979683
MIMAT0027364,5.134860876
MIMAT0027363,5.9029831
MIMAT0027038,10.30567764
MIMAT0027037,3.186970711
MIMAT0026739,-0.1659415
MIMAT0026738,-0.1659415
MIMAT0026637,5.490004412
MIMAT0026636,6.424986941
MIMAT0022694,7.80257087
MIMAT0022693,13.1627747
MIMAT0027620,7.937030446
MIMAT0027619,5.688898923
MIMAT0027604,1.697675215
MIMAT0027603,-0.1659415
MIMAT0027588,5.272849965
MIMAT0027587,3.21433057
MIMAT0027572,11.25638504
MIMAT0027571,-0.1659415
MIMAT0004494,3.226576283
MIMAT0004493,-0.1659415
MIMAT0002836,4.367573156
MIMAT0002834,-0.1659415
MIMAT0002816,6.184955586
MIMAT0002815,2.893011916
MIMAT0002174,6.391493839
MIMAT0002173,-0.1659415
MIMAT0001618,4.613449472
MIMAT0001545,-0.1659415
MIMAT0005881,2.345543829
MIMAT0005880,9.806833091
MIMAT0005865,7.762421766
MIMAT0005863,-0.1659415
MIMAT0004571,3.556917751
MIMAT0004570,-0.1659415
MIMAT0004555,-0.1659415
MIMAT0004554,-0.1659415
MIMAT0004510,-0.1659415
MIMAT0004509,3.393548886
MIMAT0016896,1.87425951
MIMAT0015017,-0.1659415
MIMAT0015003,-0.1659415
MIMAT0002830,-0.1659415
MIMAT0015010,7.83652553
MIMAT0016894,0.82363231
MIMAT0005916,-0.1659415
MIMAT0005915,-0.1659415
MIMAT0005898,9.342578028
MIMAT0005897,0.846897691
MIMAT0019843,5.353900044
MIMAT0019225,-0.1659415
MIMAT0018926,-0.1659415
MIMAT0018932,1.66041309
MIMAT0019224,3.549403711
MIMAT0019965,-0.1659415
MIMAT0019819,-0.1659415
MIMAT0019857,2.668328454
MIMAT0016912,-0.1659415
MIMAT0014984,4.110420295
MIMAT0018985,8.246267356
MIMAT0018967,10.49097537
MIMAT0021117,-0.1659415
MIMAT0021116,-0.1659415
MIMAT0021039,6.373591562
MIMAT0021038,-0.1659415
MIMAT0019829,4.17156183
MIMAT0019043,4.475604433
MIMAT0020603,1.896728834
MIMAT0019717,4.223011784
MIMAT0019842,-0.1659415
MIMAT0020602,4.74391983
MIMAT0026480,-0.1659415
MIMAT0026479,-0.1659415
MIMAT0025854,8.599686655
MIMAT0025853,5.609331076
MIMAT0025485,-0.1659415
MIMAT0025484,-0.1659415
MIMAT0022274,-0.1659415
MIMAT0022273,-0.1659415
MIMAT0022256,-0.1659415
MIMAT0022255,1.67022435
MIMAT0027552,7.955534507
MIMAT0027551,6.24379748
MIMAT0027536,-0.1659415
MIMAT0027535,-0.1659415
MIMAT0027520,-0.1659415
MIMAT0027519,2.776356859
MIMAT0027504,9.304699233
MIMAT0027503,3.828093113
MIMAT0026609,5.703353955
MIMAT0026608,3.188109778
MIMAT0031178,9.957074704
MIMAT0031177,-0.1659415
MIMAT0031008,4.19496901
MIMAT0031007,4.396181738
MIMAT0030992,-0.1659415
MIMAT0030991,4.439847834
MIMAT0030429,4.49781118
MIMAT0030428,-0.1659415
MIMAT0002852, MIMAT0002857,1.960079264
MIMAT0002851,3.387116465
MIMAT0000256,4.962024698
MIMAT0000255,5.076113636
MIMAT0000101,5.15100787
MIMAT0000100,6.542589513
MIMAT0000085,4.627262427
MIMAT0000084,4.18858671
MIMAT0000067,10.49795699
MIMAT0000066,4.790483139
MIMAT0004615,-0.1659415
MIMAT0004614,3.469726807
MIMAT0004599,-0.1659415
MIMAT0004598,3.654663144
MIMAT0003223,2.855164772
MIMAT0003222,2.770285281
MIMAT0002891,-0.1659415
MIMAT0002890,-0.1659415
MIMAT0002870,-0.1659415
MIMAT0002869,5.38544711
MIMAT0007881,12.38215562
MIMAT0007402,-0.1659415
MIMAT0005952,-0.1659415
MIMAT0005951,6.706047474
MIMAT0005933,-0.1659415
MIMAT0005932,-0.1659415
MIMAT0004702,0.525207002
MIMAT0004701,-0.1659415
MIMAT0004685,4.357868725
MIMAT0004683,4.241364906
MIMAT0018004,3.828093113
MIMAT0018003,7.08940937
MIMAT0017988,-0.1659415
MIMAT0017987,5.805088302
MIMAT0016914,3.167192855
MIMAT0015058,9.388344869
MIMAT0016917,-0.1659415
MIMAT0014996,8.45681933
MIMAT0015011,-0.1659415
MIMAT0015048,3.558239256
MIMAT0019808,6.955227784
MIMAT0019896,7.084316535
MIMAT0019973,-0.1659415
MIMAT0019220,-0.1659415
MIMAT0019872,-0.1659415
MIMAT0019951,-0.1659415
MIMAT0019005,-0.1659415
MIMAT0019799,2.24738133
MIMAT0019918,-0.1659415
MIMAT0019784,-0.1659415
MIMAT0019745,4.519002786
MIMAT0019041,10.93216728
MIMAT0022486,-0.1659415
MIMAT0022485,-0.1659415
MIMAT0022469,-0.1659415
MIMAT0022468,-0.1659415
MIMAT0022290,0.342992472
MIMAT0022289,-0.1659415
MIMAT0019360,1.950715471
MIMAT0019948,-0.1659415
MIMAT0019761,-0.1659415
MIMAT0019873,3.808423374
MIMAT0027360,5.910762489
MIMAT0027359,12.45664084
MIMAT0027027,3.947698858
MIMAT0027026,5.523200475
MIMAT0026735,-0.1659415
MIMAT0026734,-0.1659415
MIMAT0026625,-0.1659415
MIMAT0026624,-0.1659415
MIMAT0022502,-0.1659415
MIMAT0022501,3.977635455
MIMAT0032026,-0.1659415
MIMAT0027616,8.608695776
MIMAT0027615,4.49436242
MIMAT0027600,11.32004435
MIMAT0027599,4.354829489
MIMAT0027584,3.877094827
MIMAT0027583,8.140839937
MIMAT0027568,4.41793727
MIMAT0027567,4.416723384
MIMAT0004490,2.498843577
MIMAT0004489,-0.1659415
MIMAT0002828,5.903676646
MIMAT0002827,-0.1659415
MIMAT0002811,3.949043314
MIMAT0002810,3.397493466
MIMAT0002170,4.467306504
MIMAT0001639,4.735476123
MIMAT0001532,3.350981141
MIMAT0001413,5.030507321
MIMAT0005877,5.310583035
MIMAT0005876,4.304536689
MIMAT0005827,4.309254846
MIMAT0005826,6.657091408
MIMAT0004567,2.746916867
MIMAT0004566,4.521490362
MIMAT0004550,1.336169261
MIMAT0004549,-0.1659415
MIMAT0004506,5.461863121
MIMAT0004505,4.541002205
MIMAT0016886,5.17021898
MIMAT0015082,10.52713114
MIMAT0013771,2.856598243
MIMAT0012735,7.295212605
MIMAT0016881,1.949374238
MIMAT0015057,4.103350406
MIMAT0005912,-0.1659415
MIMAT0005909,2.800747052
MIMAT0005894,-0.1659415
MIMAT0005893,4.636778455
MIMAT0019748,-0.1659415
MIMAT0019968,-0.1659415
MIMAT0019228,-0.1659415
MIMAT0019892,6.099800458
MIMAT0018949,7.886793081
MIMAT0019897,-0.1659415
MIMAT0018988,2.037293596
MIMAT0019762,3.576395515
MIMAT0015083,2.782402991
MIMAT0015019,6.40997009
MIMAT0019836,6.195786131
MIMAT0019073,9.951517595
MIMAT0021084,-0.1659415
MIMAT0021083,4.317209894
MIMAT0021035,-0.1659415
MIMAT0021034,-0.1659415
MIMAT0019942,-0.1659415
MIMAT0019801,-0.1659415
MIMAT0019075,5.783924849
MIMAT0019932,5.628117895
MIMAT0018929,8.839275749
MIMAT0019922,6.525294888
MIMAT0026476,-0.1659415
MIMAT0026475,6.394301878
MIMAT0025850,-0.1659415
MIMAT0025849,-0.1659415
MIMAT0025481,4.226618985
MIMAT0025480,4.019647445
MIMAT0022270,-0.1659415
MIMAT0022269,-0.1659415
MIMAT0021129,4.969575654
MIMAT0021128,7.267154893
MIMAT0027548,7.62073293
MIMAT0027547,6.239719552
MIMAT0027532,10.55201129
MIMAT0027531,-0.1659415
MIMAT0027516,7.724793292
MIMAT0027515,-0.1659415
MIMAT0027500,8.050837568
MIMAT0027499,5.293825124
MIMAT0026605,5.012623699
MIMAT0026559,2.992485747
MIMAT0031120,3.809533545
MIMAT0031119,6.019850696
MIMAT0031004,2.139698822
MIMAT0031003,-0.1659415
MIMAT0030988,-0.1659415
MIMAT0030987,5.483933113
MIMAT0030425,4.6754479
MIMAT0030424,4.851126932
MIMAT0002848,-0.1659415
MIMAT0002847,5.312542693
MIMAT0000251,5.173960451
MIMAT0000245,6.081038808
MIMAT0000097,4.453524237
MIMAT0000096,-0.1659415
MIMAT0000080,7.154670513
MIMAT0000079,5.178190982
MIMAT0000063,4.306635192
MIMAT0000062,4.369582626
MIMAT0004611,5.582361348
MIMAT0004610,6.751833802
MIMAT0004595,6.887260527
MIMAT0004594,3.096186178
MIMAT0003219,3.048092875
MIMAT0003218,6.615911509
MIMAT0002882,4.960525447
MIMAT0002881,-0.1659415
MIMAT0002866,5.402406489
MIMAT0002864,5.084927187
MIMAT0007399,-0.1659415
MIMAT0007349,5.829326109
MIMAT0005948,1.224081359
MIMAT0005945,-0.1659415
MIMAT0005929,9.091440752
MIMAT0005928,-0.1659415
MIMAT0004698,-0.1659415
MIMAT0004697,4.850947369
MIMAT0004680,5.27110437
MIMAT0004679,7.549227311
MIMAT0018000,1.001261188
MIMAT0017999,5.905536916
MIMAT0017984,-0.1659415
MIMAT0017983,0.091211972
MIMAT0014981,5.871659446
MIMAT0016858,3.531801003
MIMAT0016850,4.239992901
MIMAT0016893,5.114570892
MIMAT0015060,4.753661178
MIMAT0007892,10.80394273
MIMAT0019925,7.49800292
MIMAT0019810,10.2117406
MIMAT0019199,5.053256391
MIMAT0019744,5.291839858
MIMAT0019832,-0.1659415
MIMAT0019805,2.850137272
MIMAT0019070,2.77711495
MIMAT0019894,6.000336659
MIMAT0019232,4.734501653
MIMAT0019223,4.070696401
MIMAT0019236,6.262089782
MIMAT0019862,7.129445221
MIMAT0022482,-0.1659415
MIMAT0022481,-0.1659415
MIMAT0022302,1.881317094
MIMAT0022301,0.342992472
MIMAT0022286,4.615990894
MIMAT0022285,-0.1659415
MIMAT0019785,-0.1659415
MIMAT0019954,4.239168527
MIMAT0019796,6.274938933
MIMAT0019864,6.563138067
MIMAT0027356,5.236032547
MIMAT0027355,12.3394318
MIMAT0026916,6.532036301
MIMAT0026765,0.69659982
MIMAT0026720,5.28606966
MIMAT0026719,5.184693586
MIMAT0026621,4.716466705
MIMAT0026620,4.87721392
MIMAT0022498,3.6003259
MIMAT0022497,-0.1659415
MIMAT0033692,5.894202284
MIMAT0035704,2.888814672
MIMAT0027612,4.927673957
MIMAT0027611,5.620021671
MIMAT0027596,7.384858055
MIMAT0027595,-0.1659415
MIMAT0027580,5.876478895
MIMAT0027579,4.808547814
MIMAT0027564,2.774841358
MIMAT0027563,5.761394363
MIMAT0003314,-0.1659415
MIMAT0003313,-0.1659415
MIMAT0001341,-0.1659415
MIMAT0001340,4.753661178
MIMAT0000758,-0.1659415
MIMAT0000757,3.598613614
MIMAT0000729,-0.1659415
MIMAT0000728,-0.1659415
MIMAT0000707,-0.1659415
MIMAT0000705,2.205834332
MIMAT0004985,-0.1659415
MIMAT0004984,-0.1659415
MIMAT0004959,-0.1659415
MIMAT0004958,-0.1659415
MIMAT0004486,-0.1659415
MIMAT0004485,-0.1659415
MIMAT0003881,5.341674246
MIMAT0003880,7.278573746
MIMAT0003330,6.272291266
MIMAT0003329,5.009972598
MIMAT0016852,6.703387416
MIMAT0009201,-0.1659415
MIMAT0010313,13.10164764
MIMAT0010251,-0.1659415
MIMAT0016888,-0.1659415
MIMAT0000270,-0.1659415
MIMAT0005823,-0.1659415
MIMAT0005800,-0.1659415
MIMAT0005589,5.82517006
MIMAT0005588,3.736707917
MIMAT0019883,6.111511962
MIMAT0019750,-0.1659415
MIMAT0019861,-0.1659415
MIMAT0019359,-0.1659415
MIMAT0018935,-0.1659415
MIMAT0000724,-0.1659415
MIMAT0018351,3.291307157
MIMAT0018350,-0.1659415
MIMAT0016909,5.588140763
MIMAT0000735,-0.1659415
MIMAT0019726,-0.1659415
MIMAT0019357,5.586953931
MIMAT0019039,-0.1659415
MIMAT0016918,-0.1659415
MIMAT0019733,-0.1659415
MIMAT0019865,-0.1659415
MIMAT0020601,5.069873939
MIMAT0019020,7.484020641
MIMAT0018952,-0.1659415
MIMAT0019780,-0.1659415
MIMAT0019803,-0.1659415
MIMAT0019703,2.774083951
MIMAT0025461,-0.1659415
MIMAT0025460,-0.1659415
MIMAT0024615,11.65522038
MIMAT0024614,-0.1659415
MIMAT0023708,-0.1659415
MIMAT0023707,-0.1659415
MIMAT0021029,-0.1659415
MIMAT0021028,-0.1659415
MIMAT0020956,5.684619879
MIMAT0020925,5.192444505
MIMAT0027496,10.5737006
MIMAT0027495,5.107893938
MIMAT0027480,-0.1659415
MIMAT0027479,4.176735433
MIMAT0027464,6.715257378
MIMAT0027463,-0.1659415
MIMAT0027448,7.235859672
MIMAT0027447,-0.1659415
MIMAT0025477,-0.1659415
MIMAT0025476,7.874005322
MIMAT0030421,5.545136736
MIMAT0030420,6.751015147
MIMAT0029782,6.954245755
MIMAT0029310,-0.1659415
MIMAT0028221,-0.1659415
MIMAT0028220,5.34269753
MIMAT0028121,5.281744088
MIMAT0028120,5.3791678
MIMAT0003249,-0.1659415
MIMAT0003248,4.024756975
MIMAT0000617,-0.1659415
MIMAT0000510,7.988592235
MIMAT0000447,4.617259928
MIMAT0000446,2.82071305
MIMAT0000430,-0.1659415
MIMAT0000429,-0.1659415
MIMAT0000414,-0.1659415
MIMAT0000318,-0.1659415
MIMAT0004805,-0.1659415
MIMAT0004804,5.992538092
MIMAT0004780,5.54624756
MIMAT0004779,-0.1659415
MIMAT0003298,2.355716934
MIMAT0003297,-0.1659415
MIMAT0003282,10.29648798
MIMAT0003281,-0.1659415
MIMAT0003266,-0.1659415
MIMAT0003265,-0.1659415
MIMAT0016875,5.722044247
MIMAT0016906,6.202773748
MIMAT0015077,-0.1659415
MIMAT0000243,-0.1659415
MIMAT0016890,4.269066838
MIMAT0015008,-0.1659415
MIMAT0004928,-0.1659415
MIMAT0004927,-0.1659415
MIMAT0004910,-0.1659415
MIMAT0004909,-0.1659415
MIMAT0018193,-0.1659415
MIMAT0018192,4.824009855
MIMAT0018164,-0.1659415
MIMAT0018122,-0.1659415
MIMAT0018107,-0.1659415
MIMAT0018106,-0.1659415
MIMAT0018088,-0.1659415
MIMAT0018087,13.41996392
MIMAT0016855,-0.1659415
MIMAT0015029,-0.1659415
MIMAT0019759,-0.1659415
MIMAT0018930,5.221371004
MIMAT0019723,7.421138767
MIMAT0018953,-0.1659415
MIMAT0019768,-0.1659415
MIMAT0019704,-0.1659415
MIMAT0019715,10.43066054
MIMAT0019871,9.524465797
MIMAT0019860,-0.1659415
MIMAT0019880,-0.1659415
MIMAT0019850,6.339509765
MIMAT0019902,-0.1659415
MIMAT0022942,8.776625253
MIMAT0022941,9.495619711
MIMAT0022839,1.899513052
MIMAT0022838,7.793435815
MIMAT0022722, MIMAT0022733, MIMAT0022739,-0.1659415
MIMAT0022721,7.420290903
MIMAT0019753,-0.1659415
MIMAT0019234,-0.1659415
MIMAT0019231,-0.1659415
MIMAT0019010,1.754877072
MIMAT0027432,6.751641324
MIMAT0027431,9.355378438
MIMAT0027416,-0.1659415
MIMAT0027415,-0.1659415
MIMAT0027400,5.25937272
MIMAT0027399,6.453020794
MIMAT0027384,5.546358458
MIMAT0027383,7.713705878
MIMAT0023252,13.93244384
MIMAT0023116,6.926523567
MIMAT0027688,4.452339939
MIMAT0027687,2.586937299
MIMAT0027672,-0.1659415
MIMAT0027671,4.530156857
MIMAT0027656,-0.1659415
MIMAT0027655,5.524779198
MIMAT0027640,8.360396181
MIMAT0027639,-0.1659415
MIMAT0003310,-0.1659415
MIMAT0003309,2.815562003
MIMAT0001075,-0.1659415
MIMAT0000773,5.450996862
MIMAT0000754,-0.1659415
MIMAT0000753,-0.1659415
MIMAT0000725,7.246879042
MIMAT0000723,2.029689045
MIMAT0000692,-0.1659415
MIMAT0000691,-0.1659415
MIMAT0004981,-0.1659415
MIMAT0004980,-0.1659415
MIMAT0004955,-0.1659415
MIMAT0004954,-0.1659415
MIMAT0004481,-0.1659415
MIMAT0004450,-0.1659415
MIMAT0003389,-0.1659415
MIMAT0003386,-0.1659415
MIMAT0003326,12.99126529
MIMAT0003325,-0.1659415
MIMAT0016859,-0.1659415
MIMAT0009197,-0.1659415
MIMAT0009451,5.212795122
MIMAT0009203,-0.1659415
MIMAT0000081,4.269874308
MIMAT0000073,-0.1659415
MIMAT0005797,2.296241293
MIMAT0005796,-0.1659415
MIMAT0005583,7.204977925
MIMAT0005582,10.77940461
MIMAT0019822,-0.1659415
MIMAT0019693,-0.1659415
MIMAT0019736,-0.1659415
MIMAT0018447, MIMAT0022730,-0.1659415
MIMAT0018444,10.66562084
MIMAT0018443,-0.1659415
MIMAT0018205,6.424262103
MIMAT0018204,-0.1659415
MIMAT0011162,1.491784623
MIMAT0011161,5.949169345
MIMAT0019740,5.975082049
MIMAT0018962,7.283392462
MIMAT0019760,-0.1659415
MIMAT0019001,-0.1659415
MIMAT0018974,-0.1659415
MIMAT0019812,-0.1659415
MIMAT0019065,5.497314538
MIMAT0019082,5.159086799
MIMAT0019884,4.146890522
MIMAT0019909,-0.1659415
MIMAT0019048,-0.1659415
MIMAT0019746,-0.1659415
MIMAT0025457,-0.1659415
MIMAT0025456,-0.1659415
MIMAT0024611,-0.1659415
MIMAT0024610,2.618101403
MIMAT0023704,-0.1659415
MIMAT0023703,-0.1659415
MIMAT0021025,-0.1659415
MIMAT0021024,4.64644009
MIMAT0015073,4.978569033
MIMAT0009199,7.689539966
MIMAT0027492,4.564427189
MIMAT0027491,4.241639558
MIMAT0027476,-0.1659415
MIMAT0027475,4.241913478
MIMAT0027460,-0.1659415
MIMAT0027459,3.896553994
MIMAT0027444,5.198742224
MIMAT0027443,-0.1659415
MIMAT0025473,-0.1659415
MIMAT0025472,2.848697364
MIMAT0030417,-0.1659415
MIMAT0030416,1.197178168
MIMAT0028233,-0.1659415
MIMAT0028232,1.892544137
MIMAT0028217,3.877800928
MIMAT0028216,-0.1659415
MIMAT0028117,7.960842143
MIMAT0028116,5.655591896
MIMAT0003245,-0.1659415
MIMAT0003244,2.982017738
MIMAT0000460,-0.1659415
MIMAT0000459,-0.1659415
MIMAT0000443,2.581746296
MIMAT0000442,3.945006182
MIMAT0000426,3.244468581
MIMAT0000425,1.317556151
MIMAT0000279,3.1898174
MIMAT0000278,3.855937786
MIMAT0004801,-0.1659415
MIMAT0004800,6.652149641
MIMAT0004776,4.04264898
MIMAT0004775,-0.1659415
MIMAT0003294,-0.1659415
MIMAT0003293,2.947135241
MIMAT0003278,-0.1659415
MIMAT0003277,3.396508332
MIMAT0003261,5.805273895
MIMAT0003260,-0.1659415
MIMAT0016869,3.293954111
MIMAT0015085,4.267182094
MIMAT0015041,10.78859497
MIMAT0014990,-0.1659415
MIMAT0015046,-0.1659415
MIMAT0015016,-0.1659415
MIMAT0004924,-0.1659415
MIMAT0004923,-0.1659415
MIMAT0004902,-0.1659415
MIMAT0004901,3.326633191
MIMAT0018189,-0.1659415
MIMAT0018188,-0.1659415
MIMAT0018119,-0.1659415
MIMAT0018118,0.699801832
MIMAT0018103,3.516703519
MIMAT0018102,-0.1659415
MIMAT0018084,3.643712516
MIMAT0018083,-0.1659415
MIMAT0016902,-0.1659415
MIMAT0015018,-0.1659415
MIMAT0019700,5.286601498
MIMAT0018956,0.539548419
MIMAT0019821,2.025873264
MIMAT0019849,7.705020263
MIMAT0019985,-0.1659415
MIMAT0019853,6.531475498
MIMAT0019919,0.969815525
MIMAT0019011,-0.1659415
MIMAT0019071,11.41792936
MIMAT0019771,5.695369725
MIMAT0019221,3.895159698
MIMAT0018965,6.725340828
MIMAT0022938,8.776075244
MIMAT0022929,-0.1659415
MIMAT0022741,-0.1659415
MIMAT0022737,3.317294934
MIMAT0022717,-0.1659415
MIMAT0022714,-0.1659415
MIMAT0019958,4.199776813
MIMAT0020600,4.074089479
MIMAT0018958,5.062521218
MIMAT0019792,2.662602416
MIMAT0027428,-0.1659415
MIMAT0027427,5.57095038
MIMAT0027412,8.609811244
MIMAT0027411,-0.1659415
MIMAT0027396,6.015567961
MIMAT0027395,4.25351503
MIMAT0027380,-0.1659415
MIMAT0027379,-0.1659415
MIMAT0022978,-0.1659415
MIMAT0022977,9.271965648
MIMAT0027684,5.122706766
MIMAT0027683,5.550956366
MIMAT0027668,-0.1659415
MIMAT0027667,3.421168817
MIMAT0027652,-0.1659415
MIMAT0027651,5.940159041
MIMAT0027636,5.206277866
MIMAT0027635,2.264760819
MIMAT0003306,5.977554336
MIMAT0003305,-0.1659415
MIMAT0000770,-0.1659415
MIMAT0000765,-0.1659415
MIMAT0000750,-0.1659415
MIMAT0000738,-0.1659415
MIMAT0000720,4.341716051
MIMAT0000719,3.67896115
MIMAT0000687,-0.1659415
MIMAT0000685,4.317209894
MIMAT0004977,-0.1659415
MIMAT0004976,-0.1659415
MIMAT0004951,6.634379373
MIMAT0004950,5.505670565
MIMAT0003945,1.592390818
MIMAT0003888,5.949085256
MIMAT0003339,-0.1659415
MIMAT0003338,2.744597063
MIMAT0003322,-0.1659415
MIMAT0003321,-0.1659415
MIMAT0016910,-0.1659415
MIMAT0000686,-0.1659415
MIMAT0009448,-0.1659415
MIMAT0009198,-0.1659415
MIMAT0016854,3.302920468
MIMAT0016866,-0.1659415
MIMAT0005793,6.98013069
MIMAT0005792,7.666405556
MIMAT0005576,-0.109554506
MIMAT0005573,7.889157758
MIMAT0019729,-0.1659415
MIMAT0019766,-0.1659415
MIMAT0019202,-0.1659415
MIMAT0019877,-0.1659415
MIMAT0018359,3.529106719
MIMAT0018358,-0.1659415
MIMAT0018201,-0.1659415
MIMAT0018200,2.989875452
MIMAT0011158,4.437694834
MIMAT0011157,3.512162903
MIMAT0019209,5.29342842
MIMAT0018992,2.61894736
MIMAT0019798,-0.1659415
MIMAT0018961,7.955597241
MIMAT0016922,-0.1659415
MIMAT0015036,8.38546569
MIMAT0019058,-0.1659415
MIMAT0019956,13.50312832
MIMAT0019031,4.074397129
MIMAT0018975,2.893711136
MIMAT0019911,-0.1659415
MIMAT0019738,4.040128747
MIMAT0025453,-0.1659415
MIMAT0025452,-0.1659415
MIMAT0024597,8.443331919
MIMAT0023715,13.88481916
MIMAT0023700,9.39792874
MIMAT0023699,-0.1659415
MIMAT0021021,9.110392333
MIMAT0021020,-0.1659415
MIMAT0015022,-0.1659415
MIMAT0020300,4.252427143
MIMAT0027488,9.065815559
MIMAT0027487,-0.1659415
MIMAT0027472,12.31589781
MIMAT0027471,4.531727712
MIMAT0027456,6.658760279
MIMAT0027455,6.458692531
MIMAT0027440,-0.1659415
MIMAT0027439,6.094230947
MIMAT0025469,-0.1659415
MIMAT0025468,-0.1659415
MIMAT0030413,3.839548167
MIMAT0030412,-0.1659415
MIMAT0028229,-0.1659415
MIMAT0028228,-0.1659415
MIMAT0028213,1.765597218
MIMAT0028212,-0.1659415
MIMAT0028113,9.906343163
MIMAT0028112,-0.1659415
MIMAT0003241,3.748522408
MIMAT0003240,5.789233611
MIMAT0000456,2.619790729
MIMAT0000455,2.592109692
MIMAT0000439,3.70126293
MIMAT0000438,5.415225281
MIMAT0000422,4.487328847
MIMAT0000421,4.39272829
MIMAT0000273,4.520586387
MIMAT0000272,-0.1659415
MIMAT0004797,-0.1659415
MIMAT0004796,-0.1659415
MIMAT0004772,2.704979146
MIMAT0004770,4.19695113
MIMAT0003290,-0.1659415
MIMAT0003289,-0.1659415
MIMAT0003274,3.997742254
MIMAT0003273,2.779383092
MIMAT0003257,4.073164607
MIMAT0003256,5.298114679
MIMAT0015009,-0.1659415
MIMAT0015088,-0.1659415
MIMAT0014979,-0.1659415
MIMAT0015002,-0.1659415
MIMAT0014995,3.807682479
MIMAT0016883,2.094878574
MIMAT0004920,-0.1659415
MIMAT0004919,-0.1659415
MIMAT0004813,0.841116425
MIMAT0004812,3.133604787
MIMAT0018185,4.796559787
MIMAT0018184,-0.1659415
MIMAT0018115,-0.1659415
MIMAT0018114,-0.1659415
MIMAT0018098,-0.1659415
MIMAT0018097,-0.1659415
MIMAT0018080,4.2661038
MIMAT0018079,-0.1659415
MIMAT0015089,5.462569317
MIMAT0015040,-0.1659415
MIMAT0019854,6.282221208
MIMAT0019002,5.15719753
MIMAT0018994,11.27333983
MIMAT0019874,3.106463719
MIMAT0019217,3.102241094
MIMAT0019904,5.869399745
MIMAT0019198,-0.1659415
MIMAT0018978,-0.1659415
MIMAT0018981,9.10592841
MIMAT0019921,4.644574525
MIMAT0019899,5.731836407
MIMAT0013517,1.602678303
MIMAT0022924,4.321368511
MIMAT0022923,-0.1659415
MIMAT0020924,8.390188249
MIMAT0022732,3.705246513
MIMAT0022711,-0.1659415
MIMAT0022710,-0.1659415
MIMAT0019915,-0.1659415
MIMAT0018940,-0.1659415
MIMAT0019066,-0.1659415
MIMAT0018973,1.080629749
MIMAT0027424,7.234086566
MIMAT0027423,3.615424334
MIMAT0027408,5.318858145
MIMAT0027407,-0.1659415
MIMAT0027392,8.277222978
MIMAT0027391,-0.1659415
MIMAT0027376,-0.1659415
MIMAT0027375,7.161569723
MIMAT0022967,7.175844141
MIMAT0022966,-0.1659415
MIMAT0027680,-0.1659415
MIMAT0027679,4.188017477
MIMAT0027664,-0.1659415
MIMAT0027663,-0.1659415
MIMAT0027648,-0.1659415
MIMAT0027647,1.239543559
MIMAT0027632,-0.1659415
MIMAT0027631,6.408932454
MIMAT0003302,3.291837724
MIMAT0003301,4.983740121
MIMAT0000762,5.679214769
MIMAT0000761,5.521959256
MIMAT0000734,-0.1659415
MIMAT0000733,-0.1659415
MIMAT0000716,5.78754372
MIMAT0000715,5.108796446
MIMAT0000682,3.794849894
MIMAT0000681,3.290777708
MIMAT0004972,3.674905227
MIMAT0004971,2.914146192
MIMAT0004947,5.415833284
MIMAT0004946,3.749679625
MIMAT0003885,2.985952756
MIMAT0003884,-0.1659415
MIMAT0003335,4.056584751
MIMAT0003333,-0.1659415
MIMAT0003318,1.681589795
MIMAT0003317,4.685862917
MIMAT0010497,4.086810082
MIMAT0010367,4.025712606
MIMAT0015080,12.12118743
MIMAT0000432,2.920327371
MIMAT0016919,3.045582921
MIMAT0016879,9.959157577
MIMAT0005788,-0.1659415
MIMAT0005593,5.362687899
MIMAT0005458,6.550329628
MIMAT0002831, MIMAT0005449, MIMAT0005450, MIMAT0005451, MIMAT0005452, MIMAT0005454,5.76940293
MIMAT0019898,1.393539708
MIMAT0019907,2.91208047
MIMAT0019013,-0.1659415
MIMAT0019018,11.46971423
MIMAT0018355,-0.1659415
MIMAT0018354,-0.1659415
MIMAT0018197,-0.1659415
MIMAT0018196,-0.1659415
MIMAT0015045,3.753916099
MIMAT0015023,5.457208059
MIMAT0019222,4.439609034
MIMAT0019817,5.135156203
MIMAT0016856,-0.1659415
MIMAT0015087,5.540966069
MIMAT0019891,-0.1659415
MIMAT0019820,5.664821588
MIMAT0018960,9.191097
MIMAT0019856,-0.1659415
MIMAT0019779,6.906734129
MIMAT0018987,10.41423857
MIMAT0019756,9.124213287
MIMAT0019852,7.708148933
MIMAT0024782,5.617170374
MIMAT0024618,-0.1659415
MIMAT0023712,11.60565708
MIMAT0023711,3.993187785
MIMAT0023696,-0.1659415
MIMAT0023695,-0.1659415
MIMAT0021017,3.392561053
MIMAT0020959,-0.1659415
MIMAT0019895,4.521715988
MIMAT0019230,3.579002996
MIMAT0027484,6.845906969
MIMAT0027483,-0.1659415
MIMAT0027468,11.67692825
MIMAT0027467,5.226296859
MIMAT0027452,5.055910389
MIMAT0027451,4.406611602
MIMAT0027436,9.84608849
MIMAT0027435,3.99449053
MIMAT0025465,-0.1659415
MIMAT0025464,4.790670852
MIMAT0030020,-0.1659415
MIMAT0030019,13.48953321
MIMAT0028225,-0.1659415
MIMAT0028224,-0.1659415
MIMAT0028125,7.278473527
MIMAT0028124,7.210398798
MIMAT0028109,6.580367079
MIMAT0027691,2.539107103
MIMAT0003237,5.694067502
MIMAT0003236,4.64644009
MIMAT0000451,6.110611338
MIMAT0000450,4.509357787
MIMAT0000435,5.254286833
MIMAT0000434,5.747608771
MIMAT0000418,7.30403471
MIMAT0000417,5.064537771
MIMAT0000268,6.046184775
MIMAT0000267,4.825474148
MIMAT0004793,4.355082741
MIMAT0004792,9.372317864
MIMAT0004766,-0.1659415
MIMAT0004765,4.356349593
MIMAT0003286,1.606091228
MIMAT0003285,0.82363231
MIMAT0003270,6.397535287
MIMAT0003269,5.722240836
MIMAT0003253,4.977745715
MIMAT0003252,2.846535699
MIMAT0014987,4.693599167
MIMAT0016877,0.98562403
MIMAT0015014,5.199589668
MIMAT0016882,5.698917869
MIMAT0015056,3.442552957
MIMAT0015065,7.892664839
MIMAT0004916,4.658093535
MIMAT0004913,6.278651501
MIMAT0004809,5.714064103
MIMAT0004808,6.39186463
MIMAT0018181, MIMAT0019007,5.562306337
MIMAT0018179,5.828778467
MIMAT0018111,3.657955417
MIMAT0018110,4.367573156
MIMAT0018093,4.145718427
MIMAT0018091,4.462608054
MIMAT0018076,11.90551335
MIMAT0018075,6.249193463
MIMAT0016885,4.807436425
MIMAT0016844,3.161985575
MIMAT0019226,5.445830157
MIMAT0019206,4.954601148
MIMAT0018997,4.227727187
MIMAT0019914,0.980373752
MIMAT0019728,-0.1659415
MIMAT0019790,-0.1659415
MIMAT0019696,4.291485895
MIMAT0019235,4.514015853
MIMAT0019029,3.215448248
MIMAT0019858,4.971065124
MIMAT0019003,6.762549023
MIMAT0019774,7.542218612
MIMAT0022844,2.980047012
MIMAT0022842,4.743338543
MIMAT0022727,2.690583795
MIMAT0022726,4.911911111
MIMAT0022706,4.057831512
MIMAT0022705,1.210692474
MIMAT0019215,6.069462532
MIMAT0019078,3.951392686
MIMAT0019023,6.475750155
MIMAT0018971,5.980390691
MIMAT0027420,6.27507294
MIMAT0027419,5.909985943
MIMAT0027404,11.09991666
MIMAT0027403,4.704481337
MIMAT0027388,6.441968119
MIMAT0027387,10.27571777
MIMAT0027372,4.985215453
MIMAT0027371,6.899258203
MIMAT0022947,8.271024452
MIMAT0022946,13.06104116
MIMAT0027676,2.352673787
MIMAT0027675,6.547088459
MIMAT0027660,7.715249311
MIMAT0027659,6.454765546
MIMAT0027644,3.246656911
MIMAT0027643,5.588033031
MIMAT0027628,5.286867343
MIMAT0027627,4.043278546
MIMAT0004504,-0.1659415
MIMAT0004503,-0.1659415
MIMAT0002846,-0.1659415
MIMAT0002845, MIMAT0005455, MIMAT0005456,4.012117234
MIMAT0002826,-0.1659415
MIMAT0002825,-0.1659415
MIMAT0002809,-0.1659415
MIMAT0002808,-0.1659415
MIMAT0001638,-0.1659415
MIMAT0001636,-0.1659415
MIMAT0005892,1.83192474
MIMAT0005891,-0.1659415
MIMAT0005875,-0.1659415
MIMAT0005874,-0.1659415
MIMAT0004593,-0.1659415
MIMAT0004592,-0.1659415
MIMAT0004565,-0.1659415
MIMAT0004564,3.325598444
MIMAT0004548,-0.1659415
MIMAT0004543,-0.1659415
MIMAT0015024,6.009140891
MIMAT0016867,5.180052977
MIMAT0015062,-0.1659415
MIMAT0016851,0.832397243
MIMAT0012734,8.027791753
MIMAT0011778,3.21656506
MIMAT0005926,1.323785529
MIMAT0005925,-0.1659415
MIMAT0005908,-0.1659415
MIMAT0005907,-0.1659415
MIMAT0018963,-0.1659415
MIMAT0019747,3.164301127
MIMAT0019028,-0.1659415
MIMAT0019794,-0.1659415
MIMAT0019046,-0.1659415
MIMAT0018934,4.463783956
MIMAT0019830,-0.1659415
MIMAT0019908,-0.1659415
MIMAT0016900,8.10501817
MIMAT0015378,1.683208434
MIMAT0018993,12.96401163
MIMAT0019815,9.672732534
MIMAT0021127,7.061861737
MIMAT0021126,3.490870414
MIMAT0021082,6.850228723
MIMAT0021081,-0.1659415
MIMAT0019227,3.273989867
MIMAT0019793,-0.1659415
MIMAT0019840,0.664223214
MIMAT0019694,-0.1659415
MIMAT0019363,3.91162268
MIMAT0019362,-0.1659415
MIMAT0026558,-0.1659415
MIMAT0026557,-0.1659415
MIMAT0026474,3.249933196
MIMAT0026473,-0.1659415
MIMAT0025848,5.519192115
MIMAT0025847,6.354957299
MIMAT0022284,-0.1659415
MIMAT0022283,-0.1659415
MIMAT0022268,-0.1659415
MIMAT0022267,-0.1659415
MIMAT0027562,5.240222623
MIMAT0027561,4.991994252
MIMAT0027546,3.85880177
MIMAT0027545,3.514434435
MIMAT0027530,6.135132083
MIMAT0027529,-0.1659415
MIMAT0027514,6.3734664
MIMAT0027513,0.100920983
MIMAT0026619,-0.1659415
MIMAT0026618,-0.1659415
MIMAT0031890,-0.1659415
MIMAT0032029,6.723452682
MIMAT0031095,11.23487011
MIMAT0031074,-0.1659415
MIMAT0031002,-0.1659415
MIMAT0031001,-0.1659415
MIMAT0030986,9.840595249
MIMAT0030985,-0.1659415
MIMAT0002863,-0.1659415
MIMAT0002862, MIMAT0005457,0.70934972
MIMAT0000266,0.869786796
MIMAT0000265,-0.1659415
MIMAT0000244,-0.1659415
MIMAT0000242,-0.1659415
MIMAT0000095,3.552944863
MIMAT0000094,2.446997945
MIMAT0000078,7.029377437
MIMAT0000077,7.66258383
MIMAT0004678,-0.1659415
MIMAT0004677,-0.1659415
MIMAT0004609,10.00385674
MIMAT0004608,-0.1659415
MIMAT0003235,-0.1659415
MIMAT0003234,-0.1659415
MIMAT0003217,1.889746424
MIMAT0003216,-0.1659415
MIMAT0002880,-0.1659415
MIMAT0002879,-0.1659415
MIMAT0007891,2.355716934
MIMAT0007890,8.310349524
MIMAT0007348,6.387441251
MIMAT0007347,12.57782377
MIMAT0005944,-0.1659415
MIMAT0005943,3.946016942
MIMAT0004764,-0.1659415
MIMAT0004763,-0.1659415
MIMAT0004696,4.58315444
MIMAT0004695,-0.1659415
MIMAT0018074,2.444139198
MIMAT0018073,-0.1659415
MIMAT0017998,-0.1659415
MIMAT0017997,-0.1659415
MIMAT0017982,3.756989723
MIMAT0017981,0.171710609
MIMAT0014978,-0.1659415
MIMAT0015001,-0.1659415
MIMAT0015053,5.184693586
MIMAT0016847,-0.1659415
MIMAT0019913,9.480133522
MIMAT0019690,7.095850473
MIMAT0019967,-0.1659415
MIMAT0019923,5.473933085
MIMAT0019213,5.093079655
MIMAT0019201,-0.1659415
MIMAT0019787,-0.1659415
MIMAT0019076,-0.1659415
MIMAT0019863,-0.1659415
MIMAT0019847,-0.1659415
MIMAT0019978,5.374737958
MIMAT0019786,5.122408879
MIMAT0022496,0.543118227
MIMAT0022495,-0.1659415
MIMAT0022480,-0.1659415
MIMAT0022479,-0.1659415
MIMAT0022300,-0.1659415
MIMAT0022299,-0.1659415
MIMAT0019945,-0.1659415
MIMAT0019789,5.805459464
MIMAT0019063,-0.1659415
MIMAT0019060,2.013075298
MIMAT0027370,3.897250637
MIMAT0027369,-0.1659415
MIMAT0027354,4.772189396
MIMAT0027353,9.585672815
MIMAT0026749,-0.1659415
MIMAT0026744,-0.1659415
MIMAT0026718,6.42986734
MIMAT0026717,-0.1659415
MIMAT0022702,-0.1659415
MIMAT0022701,-0.1659415
MIMAT0027626,5.290779844
MIMAT0027625,4.414535569
MIMAT0027610,3.660829497
MIMAT0027609,-0.1659415
MIMAT0027594,-0.1659415
MIMAT0027593,4.295718563
MIMAT0027578,1.403378643
MIMAT0027577,-0.1659415
MIMAT0004500,-0.1659415
MIMAT0004499,-0.1659415
MIMAT0002842,0.514345345
MIMAT0002841,2.131431404
MIMAT0002822,-0.1659415
MIMAT0002821,-0.1659415
MIMAT0002805,-0.1659415
MIMAT0002804,3.288655337
MIMAT0001630,-0.1659415
MIMAT0001629,3.327667196
MIMAT0005887,-0.1659415
MIMAT0005886,-0.1659415
MIMAT0005871,7.267020148
MIMAT0005870,0.451233148
MIMAT0004589,-0.1659415
MIMAT0004588,-0.1659415
MIMAT0004561,8.615673674
MIMAT0004560,4.148939761
MIMAT0004516,-0.1659415
MIMAT0004515,3.862730046
MIMAT0015055,11.73132908
MIMAT0016871,-0.1659415
MIMAT0016884,4.128474746
MIMAT0015063,-0.1659415
MIMAT0011163,5.234103778
MIMAT0016897,-0.1659415
MIMAT0005922,11.18300346
MIMAT0005921,-0.1659415
MIMAT0005904,-0.1659415
MIMAT0005903,-0.1659415
MIMAT0018980,0.686958907
MIMAT0019888,5.261132559
MIMAT0019743,6.245951247
MIMAT0018937,-0.1659415
MIMAT0019752,-0.1659415
MIMAT0019939,-0.1659415
MIMAT0019795,-0.1659415
MIMAT0019936,-0.1659415
MIMAT0015037,-0.1659415
MIMAT0015051,-0.1659415
MIMAT0019757,7.818580227
MIMAT0019027,11.36181805
MIMAT0021123,3.364383781
MIMAT0021122,-0.1659415
MIMAT0021045,-0.1659415
MIMAT0021044,-0.1659415
MIMAT0019773,-0.1659415
MIMAT0013516,-0.1659415
MIMAT0019019,-0.1659415
MIMAT0019983,2.917584773
MIMAT0019903,8.666324725
MIMAT0018957,5.018398244
MIMAT0026486,11.45880634
MIMAT0026485,-0.1659415
MIMAT0021080,2.780893832
MIMAT0000732,-0.1659415
MIMAT0025844,5.860233072
MIMAT0025843,-0.1659415
MIMAT0022280,-0.1659415
MIMAT0022279,-0.1659415
MIMAT0022264,-0.1659415
MIMAT0022263,-0.1659415
MIMAT0027558,7.069218195
MIMAT0027557,-0.1659415
MIMAT0027542,9.396578823
MIMAT0027541,-0.1659415
MIMAT0027526,6.015888743
MIMAT0027525,5.15159153
MIMAT0027510,10.67546129
MIMAT0027509,5.275531633
MIMAT0026615,-0.1659415
MIMAT0026614,4.279652019
MIMAT0035542,-0.1659415
MIMAT0032114, MIMAT0032115,-0.1659415
MIMAT0031014,-0.1659415
MIMAT0031013,-0.1659415
MIMAT0030998,6.476449587
MIMAT0030997,-0.1659415
MIMAT0030982,-0.1659415
MIMAT0030981,-0.1659415
MIMAT0002859,3.045582921
MIMAT0002858,3.538514228
MIMAT0000262,-0.1659415
MIMAT0000261,4.522167692
MIMAT0000227,5.625442259
MIMAT0000226,-0.1659415
MIMAT0000091,-0.1659415
MIMAT0000090,-0.1659415
MIMAT0000074,3.42068375
MIMAT0000072,5.650799969
MIMAT0004674,6.485188832
MIMAT0004673,-0.1659415
MIMAT0004605,4.148354665
MIMAT0004604,3.730076313
MIMAT0003231,3.1666144
MIMAT0003230,5.01302877
MIMAT0003180,-0.1659415
MIMAT0003165,3.349455367
MIMAT0002876,-0.1659415
MIMAT0002875,3.246109462
MIMAT0007887,-0.1659415
MIMAT0007886,-0.1659415
MIMAT0006767,-0.1659415
MIMAT0006765,6.191569833
MIMAT0005940,-0.1659415
MIMAT0005939,5.977554336
MIMAT0004757,-0.1659415
MIMAT0004752,-0.1659415
MIMAT0004692,-0.1659415
MIMAT0004690,4.911566354
MIMAT0018070,-0.1659415
MIMAT0018069,1.899513052
MIMAT0017994,4.968084644
MIMAT0017993,-0.1659415
MIMAT0017352,2.365816312
MIMAT0015021,-0.1659415
MIMAT0015000,-0.1659415
MIMAT0015064,6.790319276
MIMAT0015004,-0.1659415
MIMAT0016916,8.823495658
MIMAT0019869,6.613344599
MIMAT0019831,9.638296991
MIMAT0019712,4.593610026
MIMAT0019765,-0.1659415
MIMAT0019755,5.386811762
MIMAT0019851,2.842925112
MIMAT0019233,-0.1659415
MIMAT0019708,5.299827916
MIMAT0019969,2.892314088
MIMAT0019689,5.688798209
MIMAT0018977,7.117039106
MIMAT0019022,13.54948241
MIMAT0022492,-0.1659415
MIMAT0022491,6.157391967
MIMAT0022475,3.792605029
MIMAT0022474,-0.1659415
MIMAT0022296,-0.1659415
MIMAT0022295,-0.1659415
MIMAT0019916,-0.1659415
MIMAT0019036,-0.1659415
MIMAT0019751,2.456480149
MIMAT0019955,4.345549205
MIMAT0027366,6.035906757
MIMAT0027365,8.502617045
MIMAT0027088,4.88750172
MIMAT0027041,-0.1659415
MIMAT0026741,3.577265199
MIMAT0026740,3.877448358
MIMAT0026639,2.020767693
MIMAT0026638,0.091211972
MIMAT0022696,4.356856148
MIMAT0022695,3.320414836
MIMAT0027622,4.519681845
MIMAT0027621,-0.1659415
MIMAT0027606,-0.1659415
MIMAT0027605,2.690583795
MIMAT0027590,9.324114921
MIMAT0027589,-0.1659415
MIMAT0027574,-0.1659415
MIMAT0027573,5.27392323
MIMAT0004496,5.700714512
MIMAT0004495,-0.1659415
MIMAT0002838,3.86308623
MIMAT0002837,-0.1659415
MIMAT0002818,3.241179849
MIMAT0002817,-0.1659415
MIMAT0002176,-0.1659415
MIMAT0002175,4.057831512
MIMAT0001621,1.33205315
MIMAT0001620,5.468613678
MIMAT0005883,-0.1659415
MIMAT0005882,-0.1659415
MIMAT0005867,8.559225164
MIMAT0005866,5.526522757
MIMAT0004585,4.320849339
MIMAT0004584,-0.1659415
MIMAT0004557,-0.1659415
MIMAT0004556,-0.1659415
MIMAT0004512,-0.1659415
MIMAT0004511,4.483854908
MIMAT0016849,10.73350011
MIMAT0016889,10.17076504
MIMAT0014992,-0.1659415
MIMAT0002832,-0.1659415
MIMAT0015043,-0.1659415
MIMAT0016911,-0.1659415
MIMAT0005918,-0.1659415
MIMAT0005917,2.893013647
MIMAT0005900,-0.1659415
MIMAT0005899,5.450996862
MIMAT0019809,4.335438302
MIMAT0019050,6.626343562
MIMAT0018984,3.426486633
MIMAT0018927,-0.1659415
MIMAT0019705,-0.1659415
MIMAT0019866,-0.1659415
MIMAT0019724,2.780893832
MIMAT0019030,-0.1659415
MIMAT0015044,-0.1659415
MIMAT0014988,4.496202937
MIMAT0019219,8.287401446
MIMAT0019212,8.450436116
MIMAT0021119,-0.1659415
MIMAT0021118,-0.1659415
MIMAT0021041,-0.1659415
MIMAT0021040,-0.1659415
MIMAT0019777,7.461628266
MIMAT0019950,-0.1659415
MIMAT0015081,-0.1659415
MIMAT0013515,2.09244727
MIMAT0018933,1.964072847
MIMAT0019959,4.769719473
MIMAT0026482,-0.1659415
MIMAT0026481,3.441598125
MIMAT0025856,10.84642983
MIMAT0025855,-0.1659415
MIMAT0025487,7.222551911
MIMAT0025486,6.819150249
MIMAT0022276,-0.1659415
MIMAT0022275,-0.1659415
MIMAT0022258,3.551175374
MIMAT0022257,-0.1659415
MIMAT0027554,1.877087388
MIMAT0027553,4.230493972
MIMAT0027538,8.186256225
MIMAT0027537,-0.1659415
MIMAT0027522,-0.1659415
MIMAT0027521,-0.1659415
MIMAT0027506,10.98232177
MIMAT0027505,5.450284977
MIMAT0026611,-0.1659415
MIMAT0026610,4.624320101
MIMAT0031180,10.62357503
MIMAT0031179,-0.1659415
MIMAT0031010,-0.1659415
MIMAT0031009,2.402078035
MIMAT0030994,-0.1659415
MIMAT0030993,-0.1659415
MIMAT0030431,1.762541897
MIMAT0030430,-0.1659415
MIMAT0002854,1.428658801
MIMAT0002853,5.485323733
MIMAT0000258,0.521592542
MIMAT0000257,4.132029637
MIMAT0000103,3.70325659
MIMAT0000102,4.746627814
MIMAT0000087,5.397555244
MIMAT0000086,-0.1659415
MIMAT0000069,5.143177134
MIMAT0000068,4.835045882
MIMAT0004658,-0.1659415
MIMAT0004657,-0.1659415
MIMAT0004601,2.698598939
MIMAT0004600,-0.1659415
MIMAT0003226,-0.1659415
MIMAT0003225,-0.1659415
MIMAT0003161,1.307106778
MIMAT0003150,-0.1659415
MIMAT0002872,3.269693539
MIMAT0002871,4.870050001
MIMAT0007883,8.734197494
MIMAT0007882,5.587817275
MIMAT0005955,-0.1659415
MIMAT0005953,-0.1659415
MIMAT0005935,-0.1659415
MIMAT0005934,-0.1659415
MIMAT0004748,7.4159395
MIMAT0004703,4.413805158
MIMAT0004687,7.688572481
MIMAT0004686,2.624004366
MIMAT0018006,1.803965382
MIMAT0018005,5.375612936
MIMAT0017990,-0.1659415
MIMAT0017989,-0.1659415
MIMAT0014980,-0.1659415
MIMAT0014997,4.700096957
MIMAT0015076,4.402691907
MIMAT0014991,-0.1659415
MIMAT0016925,2.841477985
MIMAT0015032,4.091687589
MIMAT0019881,7.339339143
MIMAT0019806,8.593107541
MIMAT0019718,0.637788394
MIMAT0019772,5.867801466
MIMAT0019713,3.848940275
MIMAT0019783,-0.1659415
MIMAT0019930,-0.1659415
MIMAT0019920,-0.1659415
MIMAT0018936,-0.1659415
MIMAT0019062,3.193791665
MIMAT0019845,7.157452785
MIMAT0019882,6.261684086
MIMAT0022488,-0.1659415
MIMAT0022487,-0.1659415
MIMAT0022471,-0.1659415
MIMAT0022470,-0.1659415
MIMAT0022292,-0.1659415
MIMAT0022291,-0.1659415
MIMAT0018931,3.323528006
MIMAT0019952,-0.1659415
MIMAT0019937,-0.1659415
MIMAT0019763,-0.1659415
MIMAT0027362,6.05880494
MIMAT0027361,1.676730999
MIMAT0027036,-0.1659415
MIMAT0027032,-0.1659415
MIMAT0026737,-0.1659415
MIMAT0026736,-0.1659415
MIMAT0026627,-0.1659415
MIMAT0026626,-0.1659415
MIMAT0022692,-0.1659415
MIMAT0022691,8.535255117
MIMAT0027618,-0.1659415
MIMAT0027617,2.811872962
MIMAT0027602,5.789421254
MIMAT0027601,4.553756615
MIMAT0027586,6.424141261
MIMAT0027585,-0.1659415
MIMAT0027570,6.072586644
MIMAT0027569,5.65548883
MIMAT0004492,4.613661691
MIMAT0004491,-0.1659415
MIMAT0002833,3.317816031
MIMAT0002829,3.138326882
MIMAT0002814,5.247271697
MIMAT0002812,4.451628423
MIMAT0002172,4.024756975
MIMAT0002171,3.615001433
MIMAT0001541,3.508976513
MIMAT0001536,0.644442647
MIMAT0005879,-0.120794461
MIMAT0005878,4.715282038
MIMAT0005829,3.981253519
MIMAT0005828,0.510712562
MIMAT0004569,2.656855599
MIMAT0004568,-0.1659415
MIMAT0004553,3.899685811
MIMAT0004551,3.617962282
MIMAT0004508,8.633530714
MIMAT0004507,4.391245443
MIMAT0016864,5.8516368
MIMAT0015078,4.91955702
MIMAT0016868,4.551988121
MIMAT0013802,11.98190469
MIMAT0015090,-0.1659415
MIMAT0016863,-0.1659415
MIMAT0005914,-0.1659415
MIMAT0005913,2.485008745
MIMAT0005896,2.418669502
MIMAT0005895,4.753661178
MIMAT0019706,-0.1659415
MIMAT0019197,-0.1659415
MIMAT0019074,3.910242878
MIMAT0019695,5.661291142
MIMAT0018959,-0.1659415
MIMAT0019051,3.160825685
MIMAT0019824,-0.1659415
MIMAT0019893,5.779824629
MIMAT0013863,4.069770117
MIMAT0016903,-0.1659415
MIMAT0019337,14.90078224
MIMAT0019946,7.044464007
MIMAT0021086,4.007607991
MIMAT0021085,0.359263774
MIMAT0021037,-0.1659415
MIMAT0021036,-0.1659415
MIMAT0019938,-0.1659415
MIMAT0019905,-0.1659415
MIMAT0019208,3.579002996
MIMAT0019229,10.91376908
MIMAT0018999,6.504539255
MIMAT0018966,7.664834483
MIMAT0026478,4.522619256
MIMAT0026477,6.406764309
MIMAT0025852,6.629254229
MIMAT0025851,-0.1659415
MIMAT0025483,-0.1659415
MIMAT0025482,-0.1659415
MIMAT0022272,5.674196105
MIMAT0022271,-0.1659415
MIMAT0021131,1.083084069
MIMAT0021130,3.894462045
MIMAT0027550,6.790459963
MIMAT0027549,4.371087273
MIMAT0027534,-0.1659415
MIMAT0027533,-0.1659415
MIMAT0027518,-0.1659415
MIMAT0027517,-0.1659415
MIMAT0027502,4.077473072
MIMAT0027501,6.094914226
MIMAT0026607,4.52565901
MIMAT0026606,4.57392973
MIMAT0031176,-0.1659415
MIMAT0031175,-0.1659415
MIMAT0031006,-0.1659415
MIMAT0031005,2.948480222
MIMAT0030990,6.25901196
MIMAT0030989,-0.1659415
MIMAT0030427,-0.1659415
MIMAT0030426,5.008361376
MIMAT0002850,1.430582635
MIMAT0002849,5.207401449
MIMAT0000254,-0.1659415
MIMAT0000252,3.718502897
MIMAT0000099,3.732810382
MIMAT0000098,4.771619861
MIMAT0000083,3.422136061
MIMAT0000082,4.625581833
MIMAT0000065,3.12768035
MIMAT0000064,1.75179894
MIMAT0004613,2.621478079
MIMAT0004612,-0.1659415
MIMAT0004597,5.650180173
MIMAT0004596,-0.1659415
MIMAT0003221,7.283092702
MIMAT0003220,3.22046642
MIMAT0002888,3.2137721
MIMAT0002883,5.586630178
MIMAT0002868,4.949236952
MIMAT0002867,5.343080917
MIMAT0007401,3.948371243
MIMAT0007400,5.708470852
MIMAT0005950,3.232374436
MIMAT0005949,3.619230107
MIMAT0005931,-0.1659415
MIMAT0005930,-0.1659415
MIMAT0004700,-0.1659415
MIMAT0004699,5.054505644
MIMAT0004682,6.659273732
MIMAT0004681,4.574800901
MIMAT0018002,11.49226619
MIMAT0018001,6.081345359
MIMAT0017986,-0.1659415
MIMAT0017985,-0.1659415
MIMAT0015075,6.486953056
MIMAT0016853,5.514378309
MIMAT0014983,-0.1659415
MIMAT0016861,4.114918953
MIMAT0015072,7.269811994
MIMAT0015030,5.911279669
MIMAT0019014,7.873109731
MIMAT0019953,10.59057376
MIMAT0019875,-0.1659415
MIMAT0010214,2.783156045
MIMAT0019698,4.88504544
MIMAT0018979,2.736834117
MIMAT0018951,5.572041512
MIMAT0019702,5.704349192
MIMAT0019935,3.217681009
MIMAT0019741,4.986688872
MIMAT0018945,7.348310253
MIMAT0019901,5.618438109
MIMAT0022484,4.771239889
MIMAT0022483,3.445413665
MIMAT0022304,3.999689776
MIMAT0022303,3.829189161
MIMAT0022288,-0.1659415
MIMAT0022287,-0.1659415
MIMAT0019080,-0.1659415
MIMAT0019924,2.660962512
MIMAT0019929,4.611540727
MIMAT0019025,2.974776361
MIMAT0027358,5.462686837
MIMAT0027357,3.276133907
MIMAT0026921,0.517977984
MIMAT0026917,4.04264898
MIMAT0026722,2.780139596
MIMAT0026721,-0.1659415
MIMAT0026623,-0.1659415
MIMAT0026622,7.433657101
MIMAT0022500,-0.1659415
MIMAT0022499,6.26943704
MIMAT0031893,-0.1659415
MIMAT0032110,2.785416582
MIMAT0027614,4.115517765
MIMAT0027613,3.219352624
MIMAT0027598,5.868600826
MIMAT0027597,5.613838735
MIMAT0027582,5.546469622
MIMAT0027581,-0.1659415
MIMAT0027566,5.114870401
MIMAT0027565,3.945679822
MIMAT0003316,-0.1659415
MIMAT0003315,-0.1659415
MIMAT0001412,-0.1659415
MIMAT0001343,4.292545391
MIMAT0000760,4.406855926
MIMAT0000759,-0.1659415
MIMAT0000731,-0.1659415
MIMAT0000730,-0.1659415
MIMAT0000714,4.723451647
MIMAT0000710, MIMAT0022834,4.358880591
MIMAT0004987,-0.1659415
MIMAT0004986,3.657543784
MIMAT0004970,6.55896409
MIMAT0004960,3.341287155
MIMAT0004488,-0.1659415
MIMAT0004487,-0.1659415
MIMAT0003883,-0.1659415
MIMAT0003882,-0.1659415
MIMAT0003332,-0.1659415
MIMAT0003331,3.366901359
MIMAT0010133,6.351817452
MIMAT0009977,-0.1659415
MIMAT0010364,-0.1659415
MIMAT0010357,-0.1659415
MIMAT0015052,2.62231997
MIMAT0000276,1.7040595
MIMAT0005825,-0.1659415
MIMAT0005824,-0.1659415
MIMAT0005592,6.192492361
MIMAT0005591,5.566853779
MIMAT0019827,3.617117844
MIMAT0019868,11.33011937
MIMAT0019042,0.100920983
MIMAT0019054,-0.1659415
MIMAT0019079,-0.1659415
MIMAT0018944,8.11084592
MIMAT0018353,-0.1659415
MIMAT0018352,8.793303364
MIMAT0016891,3.466444027
MIMAT0002813,-0.1659415
MIMAT0019059,-0.1659415
MIMAT0019210,-0.1659415
MIMAT0019876,-0.1659415
MIMAT0019906,-0.1659415
MIMAT0014986,5.221509908
MIMAT0019697,-0.1659415
MIMAT0018976,12.60168762
MIMAT0019015,3.161985575
MIMAT0019870,4.566179967
MIMAT0019807,8.565713787
MIMAT0019061,5.158650895
MIMAT0019972,-0.1659415
MIMAT0025463,3.468320484
MIMAT0025462,-0.1659415
MIMAT0024617,-0.1659415
MIMAT0024616,10.86116641
MIMAT0023710,10.43415835
MIMAT0023709,-0.1659415
MIMAT0021033,5.273118356
MIMAT0021030,-0.1659415
MIMAT0020958,-0.1659415
MIMAT0020957,-0.1659415
MIMAT0027498,9.363920253
MIMAT0027497,4.832680896
MIMAT0027482,9.802268855
MIMAT0027481,3.961912817
MIMAT0027466,-0.1659415
MIMAT0027465,-0.1659415
MIMAT0027450,8.6786543
MIMAT0027449,-0.1659415
MIMAT0025479,3.849660287
MIMAT0025478,7.826918277
MIMAT0030423,-0.1659415
MIMAT0030422,7.356229375
MIMAT0030018,-0.1659415
MIMAT0030017,-0.1659415
MIMAT0028223,-0.1659415
MIMAT0028222,-0.1659415
MIMAT0028123,-0.1659415
MIMAT0028122,4.009219654
MIMAT0003251,1.323785529
MIMAT0003250,-0.1659415
MIMAT0000680,-0.1659415
MIMAT0000646,-0.1659415
MIMAT0000449,-0.1659415
MIMAT0000448,-0.1659415
MIMAT0000433,-0.1659415
MIMAT0000431,-0.1659415
MIMAT0000416,-0.1659415
MIMAT0000415,-0.1659415
MIMAT0004807,-0.1659415
MIMAT0004806, MIMAT0022738, MIMAT0022740,-0.1659415
MIMAT0004785,-0.1659415
MIMAT0004784,-0.1659415
MIMAT0003300,3.460801136
MIMAT0003299,-0.1659415
MIMAT0003284,-0.1659415
MIMAT0003283,3.99839172
MIMAT0003268,-0.1659415
MIMAT0003267,1.510112979
MIMAT0015067,-0.1659415
MIMAT0016848,-0.1659415
MIMAT0015061,2.732158155
MIMAT0000253,-0.1659415
MIMAT0015084,-0.1659415
MIMAT0015042,-0.1659415
MIMAT0004945,10.3623773
MIMAT0004929,-0.1659415
MIMAT0004912,-0.1659415
MIMAT0004911,5.868423204
MIMAT0018195,-0.1659415
MIMAT0018194,-0.1659415
MIMAT0018178,8.542359937
MIMAT0018165,5.246315288
MIMAT0018109,-0.1659415
MIMAT0018108,-0.1659415
MIMAT0018090,-0.1659415
MIMAT0018089,2.451746837
MIMAT0015050,-0.1659415
MIMAT0016926,-0.1659415
MIMAT0019056,2.742271601
MIMAT0019928,-0.1659415
MIMAT0019844,9.827420774
MIMAT0019033,-0.1659415
MIMAT0019963,-0.1659415
MIMAT0019719,-0.1659415
MIMAT0018968,6.174474398
MIMAT0019964,6.15291595
MIMAT0019211,6.669652782
MIMAT0019927,-0.1659415
MIMAT0019823,-0.1659415
MIMAT0019910,-0.1659415
MIMAT0022945,2.698598939
MIMAT0022943,12.20534401
MIMAT0004552,5.996320677
MIMAT0000250,-0.1659415
MIMAT0022725,-0.1659415
MIMAT0022724,-0.1659415
MIMAT0019934,-0.1659415
MIMAT0019974,-0.1659415
MIMAT0019720,-0.1659415
MIMAT0019710,-0.1659415
MIMAT0027434,-0.1659415
MIMAT0027433,5.951810434
MIMAT0027418,-0.1659415
MIMAT0027417,-0.1659415
MIMAT0027402,-0.1659415
MIMAT0027401,0.297271141
MIMAT0027386,-0.1659415
MIMAT0027385,5.788201019
MIMAT0023694,4.472803025
MIMAT0023693,6.266374702
MIMAT0027690,4.944108828
MIMAT0027689,5.409074526
MIMAT0027674,7.118588534
MIMAT0027673,5.637941326
MIMAT0027658,8.977329556
MIMAT0027657,-0.1659415
MIMAT0027642,4.761999425
MIMAT0027641,3.619230107
MIMAT0003312,3.879565106
MIMAT0003311,-0.1659415
MIMAT0001339,4.253243304
MIMAT0001080,-0.1659415
MIMAT0000756,4.617471063
MIMAT0000755,-0.1659415
MIMAT0000727,-0.1659415
MIMAT0000726,1.100124388
MIMAT0000703,-0.1659415
MIMAT0000693,0.326535561
MIMAT0004983,7.769474686
MIMAT0004982,8.182119224
MIMAT0004957,7.928018856
MIMAT0004956,-0.1659415
MIMAT0004484,2.005341667
MIMAT0004482,4.852384588
MIMAT0003879,-0.1659415
MIMAT0003393,3.634551369
MIMAT0003328,-0.1659415
MIMAT0003327,2.949153075
MIMAT0009447,-0.1659415
MIMAT0009978,-0.1659415
MIMAT0010195,-0.1659415
MIMAT0009979,-0.1659415
MIMAT0015006,3.251567877
MIMAT0000241,-0.1659415
MIMAT0005799,0.334787482
MIMAT0005798,-0.1659415
MIMAT0005586,7.468130471
MIMAT0005584,5.427448976
MIMAT0019035,2.138519407
MIMAT0019841,-0.1659415
MIMAT0018969,2.03349476
MIMAT0018989, MIMAT0022707,-0.1659415
MIMAT0018446, MIMAT0022723,-0.1659415
MIMAT0018445,4.252971526
MIMAT0018349,5.810874588
MIMAT0018206,-0.1659415
MIMAT0016904,3.327667196
MIMAT0015026,5.778501838
MIMAT0019769,-0.1659415
MIMAT0019887,6.427971526
MIMAT0015069,5.166253643
MIMAT0016887,-0.1659415
MIMAT0020541,-0.1659415
MIMAT0019778,9.071620279
MIMAT0019859,11.87621725
MIMAT0019038,-0.1659415
MIMAT0018983,0.993467024
MIMAT0019957,7.937474983
MIMAT0019709,-0.1659415
MIMAT0018941,-0.1659415
MIMAT0025459,3.01991844
MIMAT0025458,-0.1659415
MIMAT0024613,-0.1659415
MIMAT0024612,-0.1659415
MIMAT0023706,-0.1659415
MIMAT0023705,-0.1659415
MIMAT0021027,-0.1659415
MIMAT0021026,-0.1659415
MIMAT0019886,6.461608411
MIMAT0019688,-0.1659415
MIMAT0027494,6.394178501
MIMAT0027493,5.827774031
MIMAT0027478,10.157074
MIMAT0027477,3.693263608
MIMAT0027462,9.969312872
MIMAT0027461,-0.1659415
MIMAT0027446,-0.1659415
MIMAT0027445,5.310583035
MIMAT0025475,-0.1659415
MIMAT0025474,-0.1659415
MIMAT0030419,-0.1659415
MIMAT0030418,-0.1659415
MIMAT0028235,-0.1659415
MIMAT0028234,-0.1659415
MIMAT0028219,-0.1659415
MIMAT0028218,-0.1659415
MIMAT0028119,8.126816181
MIMAT0028118,4.217031988
MIMAT0003247,-0.1659415
MIMAT0003246,2.81113292
MIMAT0000462,-0.1659415
MIMAT0000461,-0.1659415
MIMAT0000445,3.918501111
MIMAT0000444,2.15259179
MIMAT0000428,-0.1659415
MIMAT0000427,5.085538575
MIMAT0000281,-0.1659415
MIMAT0000280,4.894928553
MIMAT0004803,-0.1659415
MIMAT0004802,-0.1659415
MIMAT0004778,-0.1659415
MIMAT0004777,-0.1659415
MIMAT0003296,-0.1659415
MIMAT0003295,-0.1659415
MIMAT0003280,3.045582921
MIMAT0003279,3.299762461
MIMAT0003264,3.130053045
MIMAT0003263,5.165820257
MIMAT0014985,-0.1659415
MIMAT0015028,6.980541626
MIMAT0016870,-0.1659415
MIMAT0016895,3.809904023
MIMAT0015020,-0.1659415
MIMAT0016865,3.876742085
MIMAT0004926,-0.1659415
MIMAT0004925,-0.1659415
MIMAT0004907,-0.1659415
MIMAT0004903,-0.1659415
MIMAT0018191,6.72786297
MIMAT0018190,-0.1659415
MIMAT0018121,2.579144849
MIMAT0018120,-0.1659415
MIMAT0018105,6.553563394
MIMAT0018104,7.513370451
MIMAT0018086,-0.1659415
MIMAT0018085,11.79074787
MIMAT0016878,8.152770575
MIMAT0016905,-0.1659415
MIMAT0018964,-0.1659415
MIMAT0019721,8.147604164
MIMAT0019711,10.26878132
MIMAT0019699,7.349503111
MIMAT0019072,5.555539668
MIMAT0019834,-0.1659415
MIMAT0018925,9.989799131
MIMAT0019691,9.290627729
MIMAT0019839,4.530830131
MIMAT0019947,6.486606062
MIMAT0019979,5.170651046
MIMAT0019742,3.676934614
MIMAT0022940,-0.1659415
MIMAT0022939,5.654974155
MIMAT0022833,2.138519407
MIMAT0022742,8.917955466
MIMAT0022720,4.243009998
MIMAT0022719,-0.1659415
MIMAT0019083,-0.1659415
MIMAT0019731,-0.1659415
MIMAT0019040,-0.1659415
MIMAT0019970,3.049346994
MIMAT0027430,10.09403479
MIMAT0027429,-0.1659415
MIMAT0027414,8.664983714
MIMAT0027413,4.694000145
MIMAT0027398,9.834146621
MIMAT0027397,1.683208434
MIMAT0027382,4.562891012
MIMAT0027381,4.634900346
MIMAT0022984,4.636570126
MIMAT0022979,4.624320101
MIMAT0027686,7.74273788
MIMAT0027685,4.935914795
MIMAT0027670,11.48965696
MIMAT0027669,5.220396919
MIMAT0027654,8.240165388
MIMAT0027653,-0.1659415
MIMAT0027638,13.33992866
MIMAT0027637,-0.1659415
MIMAT0003308,12.69001321
MIMAT0003307,3.803972287
MIMAT0000772,1.232938747
MIMAT0000771,-0.1659415
MIMAT0000752,5.751319775
MIMAT0000751,4.943940473
MIMAT0000722,6.982285909
MIMAT0000721,3.353522196
MIMAT0000689,3.710598857
MIMAT0000688,-0.1659415
MIMAT0004979,-0.1659415
MIMAT0004978,-0.1659415
MIMAT0004953,-0.1659415
MIMAT0004952,7.417654365
MIMAT0004185,-0.1659415
MIMAT0003948,4.416966002
MIMAT0003385,-0.1659415
MIMAT0003340,3.859873857
MIMAT0003324,3.996442443
MIMAT0003323,3.81286077
MIMAT0015035,-0.1659415
MIMAT0000690,8.250335121
MIMAT0009206,-0.1659415
MIMAT0009196,-0.1659415
MIMAT0016924,-0.1659415
MIMAT0016857,3.685025735
MIMAT0005795,-0.1659415
MIMAT0005794,-0.1659415
MIMAT0005580,-0.1659415
MIMAT0005577,5.137369048
MIMAT0019205,3.702060527
MIMAT0019975,-0.1659415
MIMAT0019732,-0.1659415
MIMAT0018948,-0.1659415
MIMAT0018361,2.706569799
MIMAT0018360,4.344527942
MIMAT0018203,-0.1659415
MIMAT0018202,-0.1659415
MIMAT0011160,-0.1659415
MIMAT0011159,-0.1659415
MIMAT0019776,9.587403094
MIMAT0019032,13.32969904
MIMAT0019889,-0.1659415
MIMAT0019077,4.219818651
MIMAT0019814,-0.1659415
MIMAT0015031,-0.1659415
MIMAT0018996,-0.1659415
MIMAT0019055,-0.1659415
MIMAT0019006,4.66495715
MIMAT0019034,7.486394037
MIMAT0018946,-0.1659415
MIMAT0019933,4.695602446
MIMAT0025455,-0.1659415
MIMAT0025454,-0.1659415
MIMAT0024599,12.24789278
MIMAT0024598,12.38717847
MIMAT0023702,-0.1659415
MIMAT0023701,8.380743208
MIMAT0021023,-0.1659415
MIMAT0021022,-0.1659415
MIMAT0002835,-0.1659415
MIMAT0000453,-0.1659415
MIMAT0027490,6.656783019
MIMAT0027489,-0.1659415
MIMAT0027474,9.800653147
MIMAT0027473,-0.1659415
MIMAT0027458,7.416638049
MIMAT0027457,0.699793915
MIMAT0027442,8.759883706
MIMAT0027441,-0.1659415
MIMAT0025471,-0.1659415
MIMAT0025470,-0.1659415
MIMAT0030415,-0.1659415
MIMAT0030414,7.969734435
MIMAT0028231,-0.1659415
MIMAT0028230,4.562891012
MIMAT0028215,-0.1659415
MIMAT0028214,-0.1659415
MIMAT0028115,8.034898653
MIMAT0028114,6.507192828
MIMAT0003243,3.949043314
MIMAT0003242,-0.1659415
MIMAT0000458,-0.1659415
MIMAT0000457,5.312412283
MIMAT0000441,-0.1659415
MIMAT0000440,7.655900125
MIMAT0000424,4.439369601
MIMAT0000423,4.74391983
MIMAT0000275,0.993467024
MIMAT0000274,-0.1659415
MIMAT0004799,2.482226707
MIMAT0004798,-0.1659415
MIMAT0004774,-0.1659415
MIMAT0004773,2.913458515
MIMAT0003292,2.358753677
MIMAT0003291,4.669857714
MIMAT0003276,3.981253519
MIMAT0003275,-0.1659415
MIMAT0003259,3.880974547
MIMAT0003258,-0.1659415
MIMAT0014982,-0.1659415
MIMAT0015013,1.573335603
MIMAT0014977,-0.1659415
MIMAT0015015,-0.1659415
MIMAT0015070,6.951126054
MIMAT0016923,5.704647581
MIMAT0004922,-0.1659415
MIMAT0004921,-0.1659415
MIMAT0004819,5.293295943
MIMAT0004814,2.402078035
MIMAT0018187,-0.1659415
MIMAT0018186,-0.1659415
MIMAT0018117, MIMAT0018180, MIMAT0019009,-0.1659415
MIMAT0018116,-0.1659415
MIMAT0018101,-0.1659415
MIMAT0018099,5.837965351
MIMAT0018082,-0.1659415
MIMAT0018081,3.26160009
MIMAT0015377,-0.1659415
MIMAT0015079,8.539066362
MIMAT0019797,5.055130058
MIMAT0019960,-0.1659415
MIMAT0018998,-0.1659415
MIMAT0019775,9.958188174
MIMAT0019885,8.787622645
MIMAT0019214,-0.1659415
MIMAT0019912,6.703835397
MIMAT0013518,3.217122451
MIMAT0019069,9.528203874
MIMAT0019012,4.760085839
MIMAT0019049,-0.1659415
MIMAT0019941,5.380413996
MIMAT0022928,-0.1659415
MIMAT0022925,2.94982395
MIMAT0022736,-0.1659415
MIMAT0022735,-0.1659415
MIMAT0022713,7.371405812
MIMAT0022712,2.489636639
MIMAT0019754,-0.1659415
MIMAT0019931,-0.1659415
MIMAT0019802,-0.1659415
MIMAT0019855,7.592473873
MIMAT0027426,7.984604866
MIMAT0027425,-0.1659415
MIMAT0027410,-0.1659415
MIMAT0027409,5.099673859
MIMAT0027394,3.541636114
MIMAT0027393,4.656654483
MIMAT0027378,3.698468359
MIMAT0027377,6.644212346
MIMAT0022975,4.497122315
MIMAT0022970,0.139104856
MIMAT0027682,8.036815493
MIMAT0027681,-0.1659415
MIMAT0027666,-0.1659415
MIMAT0027665,-0.1659415
MIMAT0027650,8.972562517
MIMAT0027649,-0.1659415
MIMAT0027634,4.426523212
MIMAT0027633,-0.1659415
MIMAT0003304,5.792932913
MIMAT0003303,1.201697018
MIMAT0000764,5.433522054
MIMAT0000763,4.14864688
MIMAT0000737,5.093991475
MIMAT0000736,1.602678303
MIMAT0000718,0.120133327
MIMAT0000717,-0.1659415
MIMAT0000684,-0.1659415
MIMAT0000683,1.403378643
MIMAT0004975,3.94669011
MIMAT0004974,-0.1659415
MIMAT0004949,5.971160684
MIMAT0004948,6.453908836
MIMAT0003887,3.609486088
MIMAT0003886,4.473737432
MIMAT0003337,5.524892038
MIMAT0003336,6.577247176
MIMAT0003320,6.43101031
MIMAT0003319,2.669143453
MIMAT0016892,2.77711495
MIMAT0016915,5.539293536
MIMAT0005911,7.616114463
MIMAT0004284,7.723775564
MIMAT0015071,-0.1659415
MIMAT0016876,4.647889362
MIMAT0005791,1.526417996
MIMAT0005789,-0.1659415
MIMAT0005572,7.07471093
MIMAT0005459,6.879814868
MIMAT0019024,-0.1659415
MIMAT0019016,-0.1659415
MIMAT0018972,-0.1659415
MIMAT0018928,-0.1659415
MIMAT0018357,-0.1659415
MIMAT0018356,5.443805436
MIMAT0018199,-0.1659415
MIMAT0018198,-0.1659415
MIMAT0011156,-0.1659415
MIMAT0016873,6.655908467
MIMAT0019004,2.814087153
MIMAT0019000,4.762381838
MIMAT0019984,-0.1659415
MIMAT0019057,-0.1659415
MIMAT0016874,-0.1659415
MIMAT0019944,-0.1659415
MIMAT0019045,13.2285131
MIMAT0018947,-0.1659415
MIMAT0019081,2.487787721
MIMAT0019758,3.640803068
MIMAT0019044,5.508636613
MIMAT0019739,9.724771856
MIMAT0025451,-0.1659415
MIMAT0025450,-0.1659415
MIMAT0023714,13.39501739
MIMAT0023713,11.11133623
MIMAT0023698,-0.1659415
MIMAT0023697,-0.1659415
MIMAT0021019,-0.1659415
MIMAT0021018,-0.1659415
MIMAT0019734,-0.1659415
MIMAT0019727,-0.1659415
MIMAT0027486,5.267003492
MIMAT0027485,3.464566291
MIMAT0027470,8.591858035
MIMAT0027469,3.072647944
MIMAT0027454,7.178603048
MIMAT0027453,4.241913478
MIMAT0027438,8.045488604
MIMAT0027437,-0.1659415
MIMAT0025467,-0.1659415
MIMAT0025466,-0.1659415
MIMAT0030411,5.455553591
MIMAT0030021,-0.1659415
MIMAT0028227,-0.1659415
MIMAT0028226,-0.1659415
MIMAT0028211,9.531392787
MIMAT0028126,5.215869576
MIMAT0028111,9.240724283
MIMAT0028110,4.583370626
MIMAT0003239,5.403510351
MIMAT0003238,1.96274398
MIMAT0000454,4.635109433
MIMAT0000452,4.159859956
MIMAT0000437,-0.1659415
MIMAT0000436,4.913806021
MIMAT0000420,-0.1659415
MIMAT0000419,3.326633191
MIMAT0000271,5.200295316
MIMAT0000269,4.615779017
MIMAT0004795,5.582361348
MIMAT0004794,6.084443683
MIMAT0004768,0.964507293
MIMAT0004767,4.664752851
MIMAT0003288,-0.1659415
MIMAT0003287,-0.1659415
MIMAT0003272,4.59661559
MIMAT0003271,3.395522524
MIMAT0003255,3.715741553
MIMAT0003254,4.439609034
MIMAT0016898,-0.1659415
MIMAT0016845,3.594325051
MIMAT0015012,-0.1659415
MIMAT0015039,-0.1659415
MIMAT0014998,-0.1659415
MIMAT0015034,3.945343459
MIMAT0004918,3.831012854
MIMAT0004917,4.343761836
MIMAT0004811,5.246178752
MIMAT0004810,-0.1659415
MIMAT0018183,-0.1659415
MIMAT0018182,-0.1659415
MIMAT0018113,-0.1659415
MIMAT0018112,-0.1659415
MIMAT0018095,-0.1659415
MIMAT0018094,1.495469881
MIMAT0018078,-0.1659415
MIMAT0018077,3.106463719
MIMAT0016846,4.54300708
MIMAT0016880,7.06017228
MIMAT0019890,4.026030746
MIMAT0018943,5.540631552
MIMAT0019879,3.293954111
MIMAT0019203,-0.1659415
MIMAT0019701,-0.1659415
MIMAT0019816,-0.1659415
MIMAT0019216,5.741853342
MIMAT0019833,-0.1659415
MIMAT0019782,-0.1659415
MIMAT0019900,-0.1659415
MIMAT0019730,3.190954223
MIMAT0019788,8.587341376
MIMAT0022862,-0.1659415
MIMAT0022861,-0.1659415
MIMAT0022731,3.975657912
MIMAT0022728,-0.1659415
MIMAT0022709,6.850768173
MIMAT0022708,-0.1659415
MIMAT0019770,-0.1659415
MIMAT0019749,2.238612438
MIMAT0019737,6.696078089
MIMAT0019838,8.86906869
MIMAT0027422,-0.1659415
MIMAT0027421,-0.1659415
MIMAT0027406,6.785861074
MIMAT0027405,6.031592273
MIMAT0027390,2.082680871
MIMAT0027389,3.882733979
MIMAT0027374,5.583335536
MIMAT0027373,4.78935774
MIMAT0022965,-0.1659415
MIMAT0022948,5.70355286
MIMAT0027678,7.239090232
MIMAT0027677,-0.1659415
MIMAT0027662,4.762381838
MIMAT0027661,6.82160549
MIMAT0027646,3.322491029
MIMAT0027645,6.020170527
MIMAT0027630,5.981294331
MIMAT0027629,-0.1659415
